100	0	0	0	0	0	0	0	0	0	0	0	0	0	0	0	0	0	0	0	0	0	0	0	0	0	0	0	0	0	0	0	0	0	0	0	0	0	0	0	0	0	0	0	0	0	0	0	0	0	0	0	0	0	0	0	0	0	0	0	0	0	0	0	0	0	0	0	0	0	0	0	0	0	0	0	0	0	0	0	0	0	0	0	0	0	0	0	0	0	0	0	0	0	0	0	0	0	0	0	0	0	0	0	0	0	0	0	0	0	0	0	0	0	0	0	0	0	0	0	0	0	0	0	0	0	0	0	0	0	0	0	0	0	0	0	0	0	0	0
0	100	0	0	0	0	0	0	0	0	0	0	0	0	0	0	0	0	0	0	0	0	0	0	0	0	0	0	0	0	0	0	0	0	0	0	0	0	0	0	0	0	0	0	0	0	0	0	0	0	0	0	0	0	0	0	0	0	0	0	0	0	0	0	0	0	0	0	0	0	0	0	0	0	0	0	0	0	0	0	0	0	0	0	0	0	0	0	0	0	0	0	0	0	0	0	0	0	0	0	0	0	0	0	0	0	0	0	0	0	0	0	0	0	0	0	0	0	0	0	0	0	0	0	0	0	0	0	0	0	0	0	0	0	0	0	0	0	0	0
0	0	100	0	0	0	0	0	0	0	0	0	0	0	0	0	0	0	0	0	0	0	0	0	0	0	0	0	0	0	0	0	0	0	0	0	0	0	0	0	0	0	0	0	0	0	0	0	0	0	0	0	0	0	0	0	0	0	0	0	0	0	0	0	0	0	0	0	0	0	0	0	0	0	0	0	0	0	0	0	0	0	0	0	0	0	0	0	0	0	0	0	0	0	0	0	0	0	0	0	0	0	0	0	0	0	0	0	0	0	0	0	0	0	0	0	0	0	0	0	0	0	0	0	0	0	0	0	0	0	0	0	0	0	0	0	0	0	0	0
0	0	0	100	0	0	0	0	0	0	0	0	0	0	0	0	0	0	0	0	0	0	0	0	0	0	0	0	0	0	0	0	0	0	0	0	0	0	0	0	0	0	0	0	0	0	0	0	0	0	0	0	0	0	0	0	0	0	0	0	0	0	0	0	0	0	0	0	0	0	0	0	0	0	0	0	0	0	0	0	0	0	0	0	0	0	0	0	0	0	0	0	0	0	0	0	0	0	0	0	0	0	0	0	0	0	0	0	0	0	0	0	0	0	0	0	0	0	0	0	0	0	0	0	0	0	0	0	0	0	0	0	0	0	0	0	0	0	0	0
0	0	0	0	100	0	0	0	0	0	0	0	0	0	0	0	0	0	0	0	0	0	0	0	0	0	0	0	0	0	0	0	0	0	0	0	0	0	0	0	0	0	0	0	0	0	0	0	0	0	0	0	0	0	0	0	0	0	0	0	0	0	0	0	0	0	0	0	0	0	0	0	0	0	0	0	0	0	0	0	0	0	0	0	0	0	0	0	0	0	0	0	0	0	0	0	0	0	0	0	0	0	0	0	0	0	0	0	0	0	0	0	0	0	0	0	0	0	0	0	0	0	0	0	0	0	0	0	0	0	0	0	0	0	0	0	0	0	0	0
0	0	0	0	0	100	0	0	0	0	0	0	0	0	0	0	0	0	0	0	0	0	0	0	0	0	0	0	0	0	0	0	0	0	0	0	0	0	0	0	0	0	0	0	0	0	0	0	0	0	0	0	0	0	0	0	0	0	0	0	0	0	0	0	0	0	0	0	0	0	0	0	0	0	0	0	0	0	0	0	0	0	0	0	0	0	0	0	0	0	0	0	0	0	0	0	0	0	0	0	0	0	0	0	0	0	0	0	0	0	0	0	0	0	0	0	0	0	0	0	0	0	0	0	0	0	0	0	0	0	0	0	0	0	0	0	0	0	0	0
0	0	0	0	0	0	100	0	0	0	0	0	0	0	0	0	0	0	0	0	0	0	0	0	0	0	0	0	0	0	0	0	0	0	0	0	0	0	0	0	0	0	0	0	0	0	0	0	0	0	0	0	0	0	0	0	0	0	0	0	0	0	0	0	0	0	0	0	0	0	0	0	0	0	0	0	0	0	0	0	0	0	0	0	0	0	0	0	0	0	0	0	0	0	0	0	0	0	0	0	0	0	0	0	0	0	0	0	0	0	0	0	0	0	0	0	0	0	0	0	0	0	0	0	0	0	0	0	0	0	0	0	0	0	0	0	0	0	0	0
0	0	0	0	0	0	0	100	0	0	0	0	0	0	0	0	0	0	0	0	0	0	0	0	0	0	0	0	0	0	0	0	0	0	0	0	0	0	0	0	0	0	0	0	0	0	0	0	0	0	0	0	0	0	0	0	0	0	0	0	0	0	0	0	0	0	0	0	0	0	0	0	0	0	0	0	0	0	0	0	0	0	0	0	0	0	0	0	0	0	0	0	0	0	0	0	0	0	0	0	0	0	0	0	0	0	0	0	0	0	0	0	0	0	0	0	0	0	0	0	0	0	0	0	0	0	0	0	0	0	0	0	0	0	0	0	0	0	0	0
0	0	0	0	0	0	0	0	100	0	0	0	0	0	0	0	0	0	0	0	0	0	0	0	0	0	0	0	0	0	0	0	0	0	0	0	0	0	0	0	0	0	0	0	0	0	0	0	0	0	0	0	0	0	0	0	0	0	0	0	0	0	0	0	0	0	0	0	0	0	0	0	0	0	0	0	0	0	0	0	0	0	0	0	0	0	0	0	0	0	0	0	0	0	0	0	0	0	0	0	0	0	0	0	0	0	0	0	0	0	0	0	0	0	0	0	0	0	0	0	0	0	0	0	0	0	0	0	0	0	0	0	0	0	0	0	0	0	0	0
0	0	0	0	0	0	0	0	0	100	94.466	90.035	77.735	85.665	94.053	86.823	86.723	89.995	89.413	89.33	88.585	90.565	90.55	90.581	90.518	90.554	90.821	91.329	91.048	91.088	90.803	89.544	89.519	88.327	88.037	86.744	84.942	82.105	77.477	72.152	66.521	62.311	59.225	56.436	57.357	58.384	59.952	63.007	66.616	70.694	74.274	77.417	79.78	80.873	81.097	80.509	78.876	76.876	74.761	72.288	69.387	65.653	61.434	57.65	54.855	52.183	51.241	49.784	50.213	46.937	44.51	40.85	35.699	32.011	28.983	28.548	26.868	22.227	14.174	6.818	-0.6	-9.088	-15.368	-18.965	-17.138	-13.962	-8.515	-1.767	5.931	16.158	29.539	47.623	66.125	77.337	81.913	82.677	83.084	83.303	80.611	77.204	71.206	62.867	57.815	57.38	57.281	57.859	61.603	63.603	64.019	57.396	39.338	23.865	13.978	9.57	5.567	5.001	5.333	6.513	10.374	17.892	24.632	34.222	29.064	-0.38	42.303	0	0	0	0	0	0	0	0	0	0	0	0	0	0	0
0	0	0	0	0	0	0	0	0	94.466	100	94.823	87.737	92.404	95.619	92.811	92.603	93.733	92.932	92.049	90.792	89.968	88.859	88.201	88.203	88.624	89.147	89.539	89.816	89.699	89.295	88.809	87.869	86.943	85.328	83.185	79.819	74.988	68.44	61.233	54.165	48.993	45.41	42.513	43.78	45.499	48.043	52.333	57.229	62.474	66.957	70.7	73.359	74.734	75.084	74.486	73.002	70.709	67.933	64.557	60.524	55.632	50.356	45.68	42.148	38.744	37.371	35.648	36.338	33.114	30.834	26.916	20.93	16.22	12.065	10.809	8.557	3.715	-4.05	-10.285	-15.729	-21.94	-25.624	-26.559	-20.496	-13.739	-4.628	5.493	15.974	28.658	43.302	60.98	76.587	83.933	84.94	85.631	86.303	87.064	86.795	85.095	81.082	75.094	70.081	66.321	64.396	64.354	64.749	67.238	69.348	63.701	51.993	36.711	26.426	21.898	16.875	16.198	16.562	18.042	23.255	33.29	41.384	52.367	40.547	8.295	52.284	0	0	0	0	0	0	0	0	0	0	0	0	0	0	0
0	0	0	0	0	0	0	0	0	90.035	94.823	100	97.242	99.475	98.653	99.372	99.239	99.107	98.74	97.971	97.006	94.802	93.293	92.279	92.203	92.563	92.789	92.538	92.652	91.883	90.889	90.517	88.334	87.042	83.668	80.077	74.595	67.25	58.301	48.795	39.926	33.413	28.922	25.491	26.401	28.045	30.768	35.523	41.244	47.716	53.869	59.59	64.262	67.564	69.196	68.968	67.115	63.345	58.401	52.717	46.576	40.099	33.776	28.378	24.172	19.865	17.378	14.384	13.888	9.763	6.919	2.799	-3.029	-7.367	-11.042	-11.917	-13.761	-18.007	-24.804	-29.739	-33.599	-38.541	-41.849	-43.677	-39.245	-34.87	-27.853	-19.096	-9.171	4.003	20.313	41.96	64.381	79.243	84.413	88.419	89.94	90.294	90.577	88.847	85.955	83.176	80.592	78.034	78.511	80.172	80.923	84.109	86.487	78.562	64.322	44.673	31.311	25.191	18.244	16.823	16.614	17.639	23.178	34.641	43.022	56.171	36.71	18.275	48.361	0	0	0	0	0	0	0	0	0	0	0	0	0	0	0
0	0	0	0	0	0	0	0	0	77.735	87.737	97.242	100	98.882	93.035	98.15	98.077	96.168	96.043	95.051	94.117	89.88	87.732	86.278	86.244	86.795	87.029	86.444	86.821	85.742	84.509	84.701	81.592	80.394	75.68	71.17	64.164	54.974	44.377	33.323	23.353	16.071	11.154	7.64	8.509	10.399	13.577	18.926	25.375	32.654	39.714	46.361	51.881	56.071	58.29	58.232	56.372	51.932	45.86	38.92	31.548	24.124	17.162	11.296	6.614	1.685	-1.531	-5.225	-6.267	-10.609	-13.494	-17.553	-23.289	-27.629	-31.375	-32.445	-34.301	-38.111	-43.825	-47.183	-48.918	-51.626	-53.092	-53.797	-48.239	-43.461	-36.039	-26.782	-16.343	-2.529	14.155	36.091	58.892	74.536	79.595	85.02	87.024	87.436	89.301	88.614	87.61	88.008	86.934	83.432	84.15	86.222	85.253	88.748	91.86	83.589	72.479	52.011	37.777	31.195	23.167	21.373	20.861	21.689	27.691	40.428	49.106	63.33	37.696	26.455	47.831	0	0	0	0	0	0	0	0	0	0	0	0	0	0	0
0	0	0	0	0	0	0	0	0	85.665	92.404	99.475	98.882	100	97.46	99.842	99.744	98.929	98.549	97.57	96.482	93.371	91.494	90.204	90.057	90.416	90.575	90.122	90.281	89.323	88.17	87.983	85.368	84.089	80.135	76.17	70.082	62.019	52.463	42.388	33.122	26.307	21.614	18.092	18.876	20.508	23.317	28.226	34.184	40.948	47.465	53.572	58.606	62.303	64.206	64.075	62.248	58.203	52.76	46.495	39.763	32.819	26.187	20.595	16.247	11.81	9.18	6.075	5.479	1.34	-1.538	-5.712	-11.594	-15.994	-19.664	-20.483	-22.083	-25.843	-31.9	-35.916	-38.671	-42.562	-45.048	-46.423	-41.543	-37.149	-30.178	-21.469	-11.6	1.561	17.739	39.224	61.606	76.778	82.014	86.775	88.67	89.231	90.318	89.166	87.138	85.62	83.609	80.682	81.167	82.934	83.098	86.576	89.568	82.06	68.839	48.856	35.073	28.712	21.343	19.807	19.555	20.621	26.485	38.568	47.173	60.599	38.917	23.845	49.862	0	0	0	0	0	0	0	0	0	0	0	0	0	0	0
0	0	0	0	0	0	0	0	0	94.053	95.619	98.653	93.035	97.46	100	98.176	98.06	98.954	98.238	97.353	96.108	94.859	93.489	92.511	92.199	92.25	92.286	92.052	91.874	91.147	90.175	89.425	87.676	86.325	83.692	80.707	76.251	70.216	62.61	54.421	46.59	40.762	36.606	33.222	33.865	35.056	37.2	41.252	46.226	51.939	57.37	62.411	66.501	69.287	70.616	70.354	68.624	65.33	61.067	56.112	50.667	44.785	38.965	34.043	30.385	26.851	25.182	23.044	23.101	19.393	16.615	12.424	6.564	2.272	-1.111	-1.494	-2.635	-6.178	-12.53	-17.401	-21.597	-27.114	-31.012	-33.299	-29.58	-25.884	-19.828	-12.261	-3.626	8.034	22.798	42.717	63.509	77.276	82.522	86.055	87.704	88.477	88.35	86.557	83.073	78.705	75.358	73.451	73.545	74.739	76.586	79.823	82.395	76.152	60.224	41.729	29.174	23.405	17.328	16.244	16.391	17.765	23.182	33.801	41.977	53.736	38.941	18.792	50.819	0	0	0	0	0	0	0	0	0	0	0	0	0	0	0
0	0	0	0	0	0	0	0	0	86.823	92.811	99.372	98.15	99.842	98.176	100	99.965	99.468	99.049	98.077	96.941	94.085	92.232	90.922	90.675	90.912	90.98	90.495	90.561	89.602	88.455	88.188	85.682	84.404	80.633	76.827	70.994	63.249	54.019	44.254	35.226	28.557	23.922	20.386	21.074	22.566	25.206	29.918	35.679	42.257	48.616	54.583	59.496	63.074	64.878	64.682	62.821	58.828	53.511	47.431	40.911	34.176	27.731	22.303	18.115	13.865	11.405	8.447	7.896	3.749	0.771	-3.522	-9.472	-13.858	-17.386	-17.959	-19.24	-22.697	-28.555	-32.469	-35.208	-39.149	-41.668	-43.04	-38.167	-33.862	-27.106	-18.718	-9.228	3.486	19.185	40.117	61.941	76.724	81.958	86.665	88.702	89.507	90.618	89.585	87.502	85.559	83.351	80.691	80.999	82.516	82.951	86.337	89.226	81.851	67.86	47.907	34.183	27.853	20.662	19.22	19.088	20.293	26.224	38.254	46.985	60.275	39.894	25.08	51.295	0	0	0	0	0	0	0	0	0	0	0	0	0	0	0
0	0	0	0	0	0	0	0	0	86.723	92.603	99.239	98.077	99.744	98.06	99.965	100	99.604	99.307	98.462	97.433	94.696	92.905	91.62	91.358	91.561	91.593	91.082	91.127	90.171	89.037	88.779	86.299	85.034	81.283	77.488	71.664	63.919	54.681	44.898	35.85	29.164	24.519	20.98	21.665	23.147	25.765	30.449	36.182	42.747	49.119	55.119	60.066	63.66	65.436	65.164	63.203	59.118	53.758	47.712	41.29	34.685	28.362	23.016	18.852	14.562	12.003	8.897	8.172	3.86	0.744	-3.631	-9.59	-13.924	-17.355	-17.829	-19.039	-22.48	-28.371	-32.335	-35.111	-39.048	-41.511	-42.792	-37.804	-33.413	-26.611	-18.216	-8.744	3.942	19.613	40.529	62.353	77.16	82.465	87.233	89.354	90.259	91.415	90.452	88.406	86.404	84.22	81.768	82.074	83.48	83.947	87.124	89.65	81.634	67.148	46.84	32.962	26.582	19.352	17.91	17.787	19.01	24.987	37.129	46.015	59.608	39.39	25.469	51.304	0	0	0	0	0	0	0	0	0	0	0	0	0	0	0
0	0	0	0	0	0	0	0	0	89.995	93.733	99.107	96.168	98.929	98.954	99.468	99.604	100	99.84	99.309	98.474	96.681	95.24	94.163	93.863	93.931	93.884	93.432	93.333	92.478	91.439	90.983	88.866	87.572	84.321	80.861	75.591	68.516	59.879	50.66	42.018	35.618	31.139	27.648	28.331	29.689	32.081	36.457	41.833	48.039	54.074	59.78	64.48	67.786	69.312	68.854	66.724	62.72	57.691	52.162	46.375	40.38	34.551	29.566	25.657	21.555	19.098	15.999	15.163	10.669	7.356	2.859	-3.083	-7.273	-10.467	-10.69	-11.766	-15.307	-21.583	-26.157	-29.723	-34.403	-37.407	-38.935	-34.233	-29.911	-23.262	-15.124	-5.958	6.346	21.721	42.396	64.046	78.677	84.222	88.637	90.743	91.785	92.447	91.227	88.595	85.433	82.818	81.114	81.396	82.503	83.66	86.357	87.962	78.959	62.554	42.008	28.233	21.956	15.077	13.776	13.778	15.098	20.963	32.789	41.797	55.48	37.851	23.37	51.062	0	0	0	0	0	0	0	0	0	0	0	0	0	0	0
0	0	0	0	0	0	0	0	0	89.413	92.932	98.74	96.043	98.549	98.238	99.049	99.307	99.84	100	99.802	99.28	97.757	96.512	95.55	95.288	95.341	95.258	94.777	94.66	93.82	92.814	92.387	90.309	89.024	85.77	82.274	76.935	69.752	60.972	51.596	42.815	36.326	31.817	28.339	29.077	30.483	32.898	37.275	42.642	48.862	54.958	60.771	65.583	68.949	70.429	69.805	67.431	63.185	58.017	52.519	46.921	41.198	35.625	30.8	26.91	22.65	19.888	16.37	15.094	10.213	6.637	2.037	-3.848	-7.881	-10.905	-11.044	-12.187	-15.949	-22.529	-27.433	-31.284	-36.093	-39.093	-40.508	-35.682	-31.166	-24.328	-16.021	-6.7	5.773	21.377	42.415	64.558	79.645	85.499	90.064	92.244	93.316	93.915	92.651	89.983	86.789	84.313	83.048	83.536	84.601	85.825	88.06	88.745	77.988	60.622	39.192	25.038	18.639	11.616	10.282	10.256	11.551	17.476	29.569	38.916	53.448	35.88	23.274	50.106	0	0	0	0	0	0	0	0	0	0	0	0	0	0	0
0	0	0	0	0	0	0	0	0	89.33	92.049	97.971	95.051	97.57	97.353	98.077	98.462	99.309	99.802	100	99.833	98.816	97.863	97.079	96.858	96.876	96.75	96.266	96.102	95.307	94.361	93.912	91.97	90.688	87.567	84.13	78.88	71.779	63.036	53.674	44.886	38.403	33.924	30.49	31.286	32.714	35.095	39.385	44.634	50.746	56.781	62.585	67.408	70.733	72.089	71.252	68.604	64.159	58.96	53.645	48.414	43.134	37.961	33.411	29.627	25.289	22.278	18.378	16.663	11.394	7.546	2.857	-2.925	-6.745	-9.546	-9.575	-10.796	-14.839	-21.836	-27.251	-31.626	-36.778	-39.946	-41.344	-36.541	-31.881	-24.916	-16.517	-7.125	5.406	21.151	42.478	65.077	80.596	86.827	91.419	93.619	94.69	95.037	93.595	90.697	87.189	84.753	84.088	84.833	85.853	87.335	89.022	88.585	75.899	57.225	34.972	20.539	14.08	7.036	5.712	5.693	6.99	12.935	25.182	34.888	50.25	33.535	22.54	48.954	0	0	0	0	0	0	0	0	0	0	0	0	0	0	0
0	0	0	0	0	0	0	0	0	88.585	90.792	97.006	94.117	96.482	96.108	96.941	97.433	98.474	99.28	99.833	100	99.361	98.66	98.036	97.87	97.878	97.727	97.238	97.051	96.294	95.401	94.964	93.114	91.846	88.799	85.382	80.154	73.055	64.278	54.863	46.021	39.509	35.043	31.658	32.514	33.985	36.366	40.607	45.775	51.811	57.809	63.62	68.464	71.767	73.015	71.976	69.074	64.421	59.152	53.966	49.033	44.137	39.32	35.016	31.322	26.895	23.628	19.351	17.207	11.584	7.502	2.758	-2.899	-6.512	-9.119	-9.089	-10.434	-14.772	-22.153	-28.021	-32.84	-38.248	-41.522	-42.875	-38.078	-33.265	-26.148	-17.617	-8.108	4.532	20.455	42.104	65.19	81.176	87.753	92.405	94.602	95.618	95.742	94.12	91.042	87.382	85.053	84.88	85.92	86.974	88.631	89.839	88.391	73.889	54.217	31.207	16.509	9.99	2.891	1.566	1.542	2.838	8.826	21.281	31.359	47.563	31.454	22.151	47.849	0	0	0	0	0	0	0	0	0	0	0	0	0	0	0
0	0	0	0	0	0	0	0	0	90.565	89.968	94.802	89.88	93.371	94.859	94.085	94.696	96.681	97.757	98.816	99.361	100	99.855	99.586	99.441	99.324	99.103	98.713	98.367	97.766	97.024	96.364	95.006	93.719	91.324	88.339	83.821	77.581	69.586	60.913	52.629	46.526	42.331	39.093	39.993	41.352	43.466	47.284	51.926	57.405	62.871	68.212	72.658	75.522	76.379	75.028	71.846	67.264	62.438	58.002	54.034	50.113	46.128	42.448	39.172	35.013	31.817	27.458	25.044	19.175	14.875	10.106	4.672	1.404	-0.831	-0.577	-1.939	-6.613	-14.637	-21.474	-27.49	-33.908	-37.908	-39.578	-35.297	-30.569	-23.624	-15.382	-6.222	5.936	21.49	42.867	65.867	81.815	88.8	92.959	94.996	95.977	95.261	93.098	89.162	84.142	81.407	82.268	83.549	84.439	86.996	87.477	84.531	68.227	46.322	23.09	8.655	2.352	-4.245	-5.381	-5.252	-3.851	1.965	14.012	24.335	40.874	28.459	19.103	46.376	0	0	0	0	0	0	0	0	0	0	0	0	0	0	0
0	0	0	0	0	0	0	0	0	90.55	88.859	93.293	87.732	91.494	93.489	92.232	92.905	95.24	96.512	97.863	98.66	99.855	100	99.928	99.835	99.701	99.474	99.14	98.755	98.239	97.585	96.873	95.729	94.46	92.329	89.516	85.266	79.335	71.611	63.186	55.086	49.121	45.035	41.886	42.833	44.186	46.225	49.887	54.313	59.551	64.787	69.925	74.196	76.864	77.521	75.982	72.623	68.011	63.336	59.225	55.714	52.281	48.724	45.358	42.27	38.186	34.93	30.425	27.777	21.737	17.323	12.58	7.316	4.258	2.201	2.488	0.993	-3.979	-12.412	-19.795	-26.431	-33.31	-37.617	-39.388	-35.327	-30.566	-23.603	-15.381	-6.267	5.788	21.3	42.714	65.87	81.969	89.188	93.144	95.055	95.919	94.762	92.269	87.92	82.402	79.573	80.903	82.423	83.35	86.267	86.362	82.572	65.063	42.254	18.809	4.456	-1.752	-8.166	-9.227	-9.042	-7.602	-1.833	10.136	20.678	37.608	26.767	17.793	45.359	0	0	0	0	0	0	0	0	0	0	0	0	0	0	0
0	0	0	0	0	0	0	0	0	90.581	88.201	92.279	86.278	90.204	92.511	90.922	91.62	94.163	95.55	97.079	98.036	99.586	99.928	100	99.966	99.85	99.651	99.381	98.996	98.557	97.98	97.251	96.267	95.028	93.091	90.416	86.363	80.651	73.119	64.861	56.881	51.005	46.992	43.911	44.898	46.265	48.275	51.851	56.146	61.222	66.289	71.262	75.382	77.891	78.401	76.736	73.278	68.673	64.121	60.24	57.028	53.904	50.612	47.436	44.457	40.421	37.133	32.548	29.772	23.655	19.208	14.519	9.389	6.465	4.485	4.729	3.062	-2.19	-10.963	-18.773	-25.883	-33.113	-37.66	-39.52	-35.632	-30.835	-23.827	-15.573	-6.436	5.605	21.149	42.652	65.954	82.148	89.483	93.242	95.003	95.718	94.201	91.414	86.727	80.86	77.944	79.51	81.21	82.217	85.366	85.252	80.971	62.78	39.545	16.074	1.84	-4.275	-10.543	-11.549	-11.324	-9.858	-4.127	7.77	18.437	35.569	25.786	16.644	44.65	0	0	0	0	0	0	0	0	0	0	0	0	0	0	0
0	0	0	0	0	0	0	0	0	90.518	88.203	92.203	86.244	90.057	92.199	90.675	91.358	93.863	95.288	96.858	97.87	99.441	99.835	99.966	100	99.954	99.819	99.609	99.285	98.899	98.373	97.698	96.759	95.572	93.676	91.04	87.011	81.299	73.749	65.447	57.422	51.507	47.484	44.425	45.448	46.871	48.942	52.568	56.892	61.97	67.017	71.949	76.014	78.47	78.928	77.221	73.746	69.138	64.599	60.751	57.573	54.475	51.193	48.009	45.002	40.923	37.575	32.93	30.106	23.982	19.567	14.944	9.878	6.976	4.94	5.042	3.156	-2.349	-11.362	-19.403	-26.726	-34.093	-38.725	-40.61	-36.754	-31.875	-24.737	-16.324	-7.015	5.208	20.964	42.722	66.264	82.572	89.891	93.537	95.153	95.697	93.999	91.018	86.169	80.266	77.332	78.819	80.627	81.772	84.914	84.811	80.472	62.128	39.088	15.665	1.485	-4.589	-10.845	-11.844	-11.621	-10.158	-4.42	7.511	18.23	35.459	25.709	16.036	44.397	0	0	0	0	0	0	0	0	0	0	0	0	0	0	0
0	0	0	0	0	0	0	0	0	90.554	88.624	92.563	86.795	90.416	92.25	90.912	91.561	93.931	95.341	96.876	97.878	99.324	99.701	99.85	99.954	100	99.953	99.811	99.579	99.245	98.768	98.18	97.254	96.138	94.238	91.624	87.574	81.802	74.177	65.772	57.652	51.66	47.595	44.54	45.594	47.088	49.256	52.988	57.41	62.556	67.636	72.563	76.595	79.028	79.472	77.766	74.329	69.742	65.198	61.314	58.058	54.856	51.463	48.172	45.073	40.917	37.514	32.843	30.032	23.953	19.615	15.066	10.026	7.087	4.924	4.842	2.726	-3.007	-12.203	-20.374	-27.783	-35.194	-39.847	-41.731	-37.843	-32.869	-25.577	-16.966	-7.437	5.033	21.054	43.094	66.837	83.174	90.359	93.882	95.34	95.703	93.901	90.776	85.836	80.002	77.05	78.295	80.142	81.426	84.453	84.471	80.313	62.176	39.662	16.405	2.297	-3.741	-10.019	-11.026	-10.82	-9.377	-3.632	8.334	19.024	36.213	26.081	15.486	44.349	0	0	0	0	0	0	0	0	0	0	0	0	0	0	0
0	0	0	0	0	0	0	0	0	90.821	89.147	92.789	87.029	90.575	92.286	90.98	91.593	93.884	95.258	96.75	97.727	99.103	99.474	99.651	99.819	99.953	100	99.944	99.805	99.546	99.14	98.634	97.768	96.736	94.9	92.363	88.373	82.636	75.03	66.609	58.461	52.438	48.358	45.318	46.401	47.955	50.204	54.019	58.508	63.684	68.75	73.618	77.561	79.919	80.315	78.607	75.225	70.711	66.23	62.379	59.105	55.841	52.362	48.983	45.81	41.607	38.184	33.524	30.759	24.752	20.504	16.037	11.028	8.053	5.77	5.516	3.189	-2.756	-12.131	-20.44	-27.961	-35.449	-40.151	-42.048	-38.145	-33.089	-25.671	-16.904	-7.203	5.454	21.674	43.893	67.681	83.873	90.834	94.129	95.391	95.573	93.623	90.34	85.265	79.393	76.361	77.369	79.202	80.58	83.52	83.652	79.689	61.89	39.911	16.963	3.024	-2.934	-9.167	-10.164	-9.964	-8.538	-2.822	9.085	19.69	36.713	26.436	14.559	44.274	0	0	0	0	0	0	0	0	0	0	0	0	0	0	0
0	0	0	0	0	0	0	0	0	91.329	89.539	92.538	86.444	90.122	92.052	90.495	91.082	93.432	94.777	96.266	97.238	98.713	99.14	99.381	99.609	99.811	99.944	100	99.939	99.79	99.489	99.04	98.327	97.391	95.742	93.373	89.584	84.052	76.627	68.347	60.294	54.327	50.289	47.29	48.406	50	52.286	56.119	60.594	65.707	70.658	75.363	79.121	81.303	81.575	79.824	76.481	72.092	67.785	64.113	60.983	57.808	54.366	50.991	47.814	43.623	40.219	35.598	32.874	26.935	22.767	18.387	13.439	10.474	8.126	7.748	5.243	-0.91	-10.498	-19.024	-26.769	-34.44	-39.267	-41.205	-37.337	-32.219	-24.722	-15.877	-6.096	6.629	22.925	45.166	68.804	84.651	91.324	94.237	95.251	95.247	93.037	89.539	84.217	78.092	74.892	75.772	77.566	78.976	81.935	82.091	78.176	60.644	39.009	16.487	2.836	-2.976	-9.054	-10.002	-9.78	-8.355	-2.714	9.019	19.524	36.313	26.509	13.101	44.08	0	0	0	0	0	0	0	0	0	0	0	0	0	0	0
0	0	0	0	0	0	0	0	0	91.048	89.816	92.652	86.821	90.281	91.874	90.561	91.127	93.333	94.66	96.102	97.051	98.367	98.755	98.996	99.285	99.579	99.805	99.939	100	99.933	99.721	99.415	98.755	97.947	96.338	94.045	90.284	84.734	77.279	68.924	60.797	54.76	50.684	47.699	48.842	50.515	52.915	56.869	61.453	66.632	71.602	76.268	79.943	82.05	82.256	80.469	77.157	72.805	68.527	64.874	61.722	58.495	54.981	51.523	48.262	43.992	40.512	35.832	33.074	27.144	23.018	18.692	13.769	10.779	8.337	7.823	5.151	-1.155	-10.849	-19.413	-27.136	-34.75	-39.499	-41.353	-37.343	-32.087	-24.428	-15.406	-5.437	7.495	23.988	46.369	69.944	85.508	91.826	94.49	95.298	95.113	92.83	89.237	83.876	77.838	74.617	75.235	76.993	78.469	81.238	81.462	77.69	60.35	39.363	17.084	3.56	-2.188	-8.269	-9.22	-9.015	-7.608	-1.961	9.806	20.301	37.063	26.961	12.654	44.229	0	0	0	0	0	0	0	0	0	0	0	0	0	0	0
0	0	0	0	0	0	0	0	0	91.088	89.699	91.883	85.742	89.323	91.147	89.602	90.171	92.478	93.82	95.307	96.294	97.766	98.239	98.557	98.899	99.245	99.546	99.79	99.933	100	99.926	99.707	99.248	98.573	97.203	95.124	91.615	86.321	79.095	70.92	62.918	56.955	52.935	50.011	51.188	52.903	55.338	59.291	63.831	68.908	73.724	78.184	81.624	83.498	83.512	81.608	78.277	74.025	69.942	66.546	63.657	60.654	57.304	53.946	50.735	46.492	42.993	38.279	35.456	29.508	25.389	21.122	16.29	13.37	10.945	10.379	7.589	1.114	-8.772	-17.546	-25.483	-33.252	-38.077	-39.91	-35.881	-30.53	-22.796	-13.727	-3.727	9.211	25.707	48.007	71.285	86.353	92.302	94.508	95.04	94.664	92.095	88.289	82.682	76.369	73.003	73.596	75.332	76.8	79.595	79.713	75.758	58.329	37.547	15.616	2.38	-3.21	-9.117	-10.01	-9.773	-8.354	-2.763	8.875	19.386	36.096	26.805	11.427	44.113	0	0	0	0	0	0	0	0	0	0	0	0	0	0	0
0	0	0	0	0	0	0	0	0	90.803	89.295	90.889	84.509	88.17	90.175	88.455	89.037	91.439	92.814	94.361	95.401	97.024	97.585	97.98	98.373	98.768	99.14	99.489	99.721	99.926	100	99.891	99.641	99.12	97.996	96.147	92.901	87.869	80.883	72.89	65.015	59.125	55.161	52.306	53.512	55.269	57.74	61.689	66.18	71.145	75.8	80.047	83.242	84.874	84.679	82.635	79.267	75.098	71.204	68.076	65.474	62.731	59.582	56.352	53.207	48.992	45.456	40.677	37.741	31.741	27.599	23.38	18.649	15.819	13.441	12.847	9.962	3.343	-6.709	-15.668	-23.794	-31.684	-36.552	-38.337	-34.271	-28.819	-21.018	-11.921	-1.91	11.006	27.471	49.644	72.571	87.1	92.655	94.396	94.648	94.083	91.239	87.235	81.408	74.853	71.372	71.973	73.7	75.15	77.958	77.925	73.709	56.057	35.459	13.84	0.882	-4.55	-10.288	-11.125	-10.859	-9.426	-3.885	7.65	18.217	34.955	26.537	10.37	43.989	0	0	0	0	0	0	0	0	0	0	0	0	0	0	0
0	0	0	0	0	0	0	0	0	89.544	88.809	90.517	84.701	87.983	89.425	88.188	88.779	90.983	92.387	93.912	94.964	96.364	96.873	97.251	97.698	98.18	98.634	99.04	99.415	99.707	99.891	100	99.806	99.489	98.404	96.675	93.472	88.417	81.414	73.332	65.374	59.387	55.366	52.538	53.737	55.569	58.162	62.228	66.825	71.847	76.528	80.744	83.855	85.422	85.144	83.015	79.644	75.454	71.534	68.41	65.798	63.048	59.886	56.62	53.409	49.111	45.439	40.518	37.416	31.34	27.152	22.941	18.247	15.427	13.018	12.34	9.362	2.679	-7.371	-16.264	-24.248	-31.952	-36.629	-38.248	-33.984	-28.393	-20.463	-11.241	-1.107	11.94	28.5	50.681	73.394	87.548	92.694	94.219	94.291	93.569	90.735	86.72	80.976	74.662	71.269	71.681	73.396	74.885	77.437	77.369	73.131	55.355	35.393	13.9	1.017	-4.371	-10.152	-11.007	-10.769	-9.362	-3.79	7.86	18.514	35.424	26.719	10.548	44.113	0	0	0	0	0	0	0	0	0	0	0	0	0	0	0
0	0	0	0	0	0	0	0	0	89.519	87.869	88.334	81.592	85.368	87.676	85.682	86.299	88.866	90.309	91.97	93.114	95.006	95.729	96.267	96.759	97.254	97.768	98.327	98.755	99.248	99.641	99.806	100	99.867	99.281	97.986	95.359	90.945	84.556	77.013	69.465	63.746	59.903	57.209	58.425	60.241	62.768	66.671	71.025	75.718	80.017	83.805	86.479	87.625	87.013	84.693	81.284	77.3	73.787	71.206	69.175	66.957	64.22	61.256	58.249	54.124	50.522	45.632	42.436	36.346	32.136	27.997	23.478	20.829	18.56	17.921	14.898	8.081	-2.187	-11.424	-19.844	-27.904	-32.817	-34.494	-30.388	-24.796	-16.95	-7.899	2.019	14.746	30.964	52.635	74.585	87.848	92.534	93.339	93.052	92.143	88.818	84.501	78.331	71.373	67.71	68.357	70.031	71.396	74.19	73.812	69.053	51.003	30.884	10.014	-2.309	-7.396	-12.766	-13.495	-13.183	-11.749	-6.362	4.876	15.482	32.193	25.597	8.191	43.359	0	0	0	0	0	0	0	0	0	0	0	0	0	0	0
0	0	0	0	0	0	0	0	0	88.327	86.943	87.042	80.394	84.089	86.325	84.404	85.034	87.572	89.024	90.688	91.846	93.719	94.46	95.028	95.572	96.138	96.736	97.391	97.947	98.573	99.12	99.489	99.867	100	99.655	98.686	96.387	92.283	86.225	78.907	71.526	65.866	62.054	59.438	60.598	62.422	64.982	68.867	73.17	77.741	81.898	85.491	87.94	88.919	88.169	85.771	82.419	78.538	75.157	72.749	70.86	68.76	66.107	63.183	60.185	56.098	52.471	47.569	44.263	38.184	33.953	29.844	25.398	22.777	20.506	19.798	16.718	9.88	-0.365	-9.596	-18.015	-26.039	-30.904	-32.518	-28.405	-22.801	-14.994	-6.02	3.798	16.366	32.352	53.622	74.92	87.476	91.682	92.113	91.62	90.595	87.182	82.838	76.659	69.688	66.002	66.588	68.176	69.473	72.153	71.669	66.818	48.873	29.284	8.915	-3.06	-7.979	-13.192	-13.892	-13.586	-12.187	-6.918	4.107	14.596	31.126	25.036	7.204	42.738	0	0	0	0	0	0	0	0	0	0	0	0	0	0	0
0	0	0	0	0	0	0	0	0	88.037	85.328	83.668	75.68	80.135	83.692	80.633	81.283	84.321	85.77	87.567	88.799	91.324	92.329	93.091	93.676	94.238	94.9	95.742	96.338	97.203	97.996	98.404	99.281	99.655	100	99.662	98.219	95.092	90.009	83.567	76.87	71.656	68.123	65.701	66.825	68.561	70.961	74.544	78.443	82.505	86.107	89.107	90.98	91.445	90.33	87.781	84.488	80.966	78.163	76.457	75.276	73.8	71.641	69.075	66.35	62.566	59.143	54.441	51.143	45.186	40.992	36.995	32.764	30.321	28.204	27.539	24.464	17.578	7.199	-2.369	-11.295	-19.769	-24.98	-26.741	-22.978	-17.516	-9.979	-1.402	7.951	19.869	35.121	55.366	75.335	86.576	90.203	89.759	88.896	87.745	83.796	79.185	72.547	64.734	60.678	61.581	63.009	64.054	67.072	66.234	60.882	43.08	23.406	4.163	-6.919	-11.391	-15.981	-16.509	-16.117	-14.72	-9.819	0.397	10.543	26.389	23.089	3.536	41.02	0	0	0	0	0	0	0	0	0	0	0	0	0	0	0
0	0	0	0	0	0	0	0	0	86.744	83.185	80.077	71.17	76.17	80.707	76.827	77.488	80.861	82.274	84.13	85.382	88.339	89.516	90.416	91.04	91.624	92.363	93.373	94.045	95.124	96.147	96.675	97.986	98.686	99.662	100	99.417	97.251	93.174	87.605	81.599	76.801	73.514	71.285	72.293	73.908	76.148	79.428	82.942	86.514	89.612	92.072	93.429	93.492	92.119	89.511	86.385	83.238	80.93	79.784	79.109	78.057	76.228	73.896	71.365	67.877	64.671	60.234	56.981	51.238	47.114	43.229	39.182	36.841	34.806	34.121	31.07	24.255	13.944	4.26	-4.942	-13.667	-19.104	-20.986	-17.591	-12.356	-5.185	2.909	11.712	22.873	37.223	56.214	74.621	84.459	87.459	86.291	85.154	83.958	79.697	75.008	68.155	59.786	55.469	56.568	57.758	58.519	61.719	60.628	55.043	37.844	18.526	0.61	-9.524	-13.551	-17.551	-17.94	-17.501	-16.155	-11.681	-2.369	7.225	22.123	21.011	0.095	38.797	0	0	0	0	0	0	0	0	0	0	0	0	0	0	0
0	0	0	0	0	0	0	0	0	84.942	79.819	74.595	64.164	70.082	76.251	70.994	71.664	75.591	76.935	78.88	80.154	83.821	85.266	86.363	87.011	87.574	88.373	89.584	90.284	91.615	92.901	93.472	95.359	96.387	98.219	99.417	100	99.19	96.533	92.259	87.299	83.171	80.288	78.333	79.195	80.604	82.549	85.333	88.239	91.08	93.435	95.136	95.797	95.312	93.615	90.973	88.089	85.5	83.932	83.599	83.676	83.261	81.937	79.986	77.785	74.767	71.944	67.962	64.873	59.494	55.521	51.824	48.055	45.886	44.01	43.359	40.414	33.769	23.609	13.792	4.201	-4.901	-10.695	-12.793	-10.001	-5.163	1.406	8.726	16.654	26.636	39.603	56.725	72.927	80.89	83.166	81.063	79.619	78.432	73.741	68.967	61.802	52.576	47.871	49.33	50.18	50.514	54.068	52.629	46.742	30.522	11.519	-4.482	-13.253	-16.645	-19.768	-19.946	-19.427	-18.147	-14.313	-6.381	2.346	15.748	17.869	-4.856	35.383	0	0	0	0	0	0	0	0	0	0	0	0	0	0	0
0	0	0	0	0	0	0	0	0	82.105	74.988	67.25	54.974	62.019	70.216	63.249	63.919	68.516	69.752	71.779	73.055	77.581	79.335	80.651	81.299	81.802	82.636	84.052	84.734	86.321	87.869	88.417	90.945	92.283	95.092	97.251	99.19	100	99.063	96.406	92.775	89.53	87.183	85.57	86.256	87.38	88.913	91.044	93.167	95.097	96.544	97.339	97.2	96.093	94.064	91.45	88.898	87.02	86.365	87.003	87.974	88.317	87.603	86.13	84.358	81.951	79.654	76.302	73.503	68.65	64.928	61.499	58.093	56.15	54.496	53.926	51.185	44.863	35.029	25.184	15.243	5.781	-0.396	-2.755	-0.744	3.529	9.263	15.533	22.282	30.7	41.829	56.493	69.894	75.59	77.063	73.926	72.191	71.088	65.965	61.178	53.73	43.532	38.393	40.306	40.711	40.492	44.476	42.651	36.509	21.748	3.204	-10.334	-17.386	-19.989	-22.017	-21.939	-21.326	-20.141	-17.139	-11.006	-3.485	7.868	13.808	-10.838	30.771	0	0	0	0	0	0	0	0	0	0	0	0	0	0	0
0	0	0	0	0	0	0	0	0	77.477	68.44	58.301	44.377	52.463	62.61	54.019	54.681	59.879	60.972	63.036	64.278	69.586	71.611	73.119	73.749	74.177	75.03	76.627	77.279	79.095	80.883	81.414	84.556	86.225	90.009	93.174	96.533	99.063	100	99.124	96.984	94.729	92.98	91.751	92.194	92.967	94.017	95.397	96.643	97.574	98.052	97.904	96.956	95.268	92.977	90.483	88.372	87.287	87.582	89.184	91.006	92.069	91.948	90.953	89.631	87.91	86.219	83.625	81.201	77.027	73.643	70.551	67.571	65.87	64.458	63.971	61.515	55.699	46.459	36.836	26.775	17.157	10.715	8.118	9.24	12.78	17.461	22.439	27.754	34.294	43.193	54.902	65.028	68.221	68.843	64.742	62.79	61.856	56.451	51.816	44.284	33.3	27.814	30.166	30.048	29.209	33.554	31.387	25.189	12.445	-5.227	-15.849	-20.94	-22.665	-23.496	-23.155	-22.463	-21.414	-19.38	-15.332	-9.34	-0.523	9.136	-16.951	25.059	0	0	0	0	0	0	0	0	0	0	0	0	0	0	0
0	0	0	0	0	0	0	0	0	72.152	61.233	48.795	33.323	42.388	54.421	44.254	44.898	50.66	51.596	53.674	54.863	60.913	63.186	64.861	65.447	65.772	66.609	68.347	68.924	70.92	72.89	73.332	77.013	78.907	83.567	87.605	92.259	96.406	99.124	100	99.353	98.125	97.008	96.164	96.392	96.807	97.352	97.97	98.337	98.289	97.822	96.772	95.075	92.85	90.35	88.028	86.369	86.086	87.329	89.867	92.522	94.291	94.764	94.262	93.409	92.379	91.318	89.512	87.531	84.086	81.1	78.386	75.857	74.426	73.286	72.925	70.814	65.594	57.063	47.794	37.76	28.117	21.504	18.715	18.974	21.762	25.356	29.005	32.845	37.464	44.072	52.743	59.55	60.268	60.081	55.103	52.993	52.272	46.673	42.267	34.748	23.088	17.307	20.078	19.419	17.945	22.606	20.128	13.967	3.401	-13.275	-20.92	-24.035	-24.883	-24.525	-23.925	-23.161	-22.261	-21.212	-19.289	-14.913	-8.754	4.38	-22.855	19.077	0	0	0	0	0	0	0	0	0	0	0	0	0	0	0
0	0	0	0	0	0	0	0	0	66.521	54.165	39.926	23.353	33.122	46.59	35.226	35.85	42.018	42.815	44.886	46.021	52.629	55.086	56.881	57.422	57.652	58.461	60.294	60.797	62.918	65.015	65.374	69.465	71.526	76.87	81.599	87.299	92.775	96.984	99.353	100	99.673	99.115	98.615	98.655	98.756	98.855	98.807	98.413	97.526	96.259	94.457	92.149	89.504	86.866	84.729	83.482	83.891	85.929	89.236	92.57	94.922	95.896	95.82	95.376	94.943	94.43	93.318	91.742	88.969	86.365	84.013	81.907	80.725	79.833	79.583	77.796	73.155	65.35	56.515	46.65	37.132	30.483	27.588	27.128	29.248	31.872	34.337	36.861	39.767	44.31	50.238	54.075	52.634	51.745	46.086	43.88	43.367	37.697	33.567	26.178	14.099	8.14	11.234	10.098	8.077	12.932	10.21	4.161	-4.383	-19.969	-24.944	-26.315	-26.393	-25.017	-24.202	-23.386	-22.626	-22.444	-22.384	-19.481	-15.718	0.164	-27.657	13.578	0	0	0	0	0	0	0	0	0	0	0	0	0	0	0
0	0	0	0	0	0	0	0	0	62.311	48.993	33.413	16.071	26.307	40.762	28.557	29.164	35.618	36.326	38.403	39.509	46.526	49.121	51.005	51.507	51.66	52.438	54.327	54.76	56.955	59.125	59.387	63.746	65.866	71.656	76.801	83.171	89.53	94.729	98.125	99.673	100	99.86	99.61	99.56	99.458	99.249	98.741	97.816	96.35	94.521	92.195	89.465	86.515	83.773	81.764	80.788	81.684	84.302	88.174	92.028	94.834	96.2	96.457	96.32	96.302	96.169	95.532	94.254	91.951	89.634	87.556	85.763	84.779	84.08	83.927	82.371	78.132	70.829	62.302	52.571	43.168	36.533	33.613	32.716	34.433	36.441	38.131	39.774	41.513	44.626	48.618	50.334	47.33	45.915	39.765	37.49	37.128	31.418	27.493	20.205	7.838	1.755	5.064	3.579	1.159	6.117	3.194	-2.821	-10.024	-24.8	-27.905	-28.043	-27.572	-25.481	-24.513	-23.66	-23	-23.421	-24.656	-22.775	-20.662	-2.875	-31.102	9.657	0	0	0	0	0	0	0	0	0	0	0	0	0	0	0
0	0	0	0	0	0	0	0	0	59.225	45.41	28.922	11.154	21.614	36.606	23.922	24.519	31.139	31.817	33.924	35.043	42.331	45.035	46.992	47.484	47.595	48.358	50.289	50.684	52.935	55.161	55.366	59.903	62.054	68.123	73.514	80.288	87.183	92.98	97.008	99.115	99.86	100	99.928	99.853	99.653	99.27	98.483	97.224	95.383	93.177	90.492	87.467	84.284	81.437	79.47	78.63	79.821	82.819	87.09	91.337	94.505	96.188	96.709	96.796	97.038	97.122	96.746	95.621	93.586	91.445	89.554	87.988	87.16	86.601	86.499	85.052	81.013	73.973	65.587	55.9	46.566	39.964	37.083	35.973	37.529	39.244	40.531	41.687	42.741	44.984	47.755	48.095	44.038	42.232	35.723	33.367	33.065	27.3	23.472	16.227	3.691	-2.461	0.975	-0.704	-3.357	1.631	-1.477	-7.592	-14.176	-28.376	-30.32	-29.667	-28.832	-26.287	-25.216	-24.336	-23.73	-24.507	-26.498	-25.171	-23.957	-4.847	-33.266	7.21	0	0	0	0	0	0	0	0	0	0	0	0	0	0	0
0	0	0	0	0	0	0	0	0	56.436	42.513	25.491	7.64	18.092	33.222	20.386	20.98	27.648	28.339	30.49	31.658	39.093	41.886	43.911	44.425	44.54	45.318	47.29	47.699	50.011	52.306	52.538	57.209	59.438	65.701	71.285	78.333	85.57	91.751	96.164	98.615	99.61	99.928	100	99.922	99.693	99.235	98.288	96.813	94.704	92.221	89.257	85.981	82.595	79.619	77.611	76.82	78.169	81.406	85.966	90.525	94.004	95.97	96.722	96.985	97.401	97.589	97.322	96.212	94.309	92.256	90.502	89.131	88.443	87.985	87.875	86.424	82.434	75.503	67.141	57.427	48.14	41.586	38.782	37.575	39.113	40.731	41.845	42.758	43.421	45.13	47.117	46.535	41.744	39.614	32.818	30.342	29.995	24.142	20.312	13.072	0.497	-5.649	-2.153	-3.879	-6.606	-1.647	-4.933	-11.262	-17.755	-31.434	-32.649	-31.465	-30.371	-27.538	-26.397	-25.494	-24.908	-25.867	-28.238	-27.113	-26.248	-6.094	-34.403	5.733	0	0	0	0	0	0	0	0	0	0	0	0	0	0	0
0	0	0	0	0	0	0	0	0	57.357	43.78	26.401	8.509	18.876	33.865	21.074	21.665	28.331	29.077	31.286	32.514	39.993	42.833	44.898	45.448	45.594	46.401	48.406	48.842	51.188	53.512	53.737	58.425	60.598	66.825	72.293	79.195	86.256	92.194	96.392	98.655	99.56	99.853	99.922	100	99.912	99.585	98.791	97.443	95.441	92.997	90.033	86.719	83.227	80.125	77.988	77.054	78.327	81.573	86.206	90.897	94.51	96.578	97.395	97.672	97.998	98.078	97.636	96.429	94.352	92.231	90.441	89.036	88.359	87.884	87.751	86.166	81.925	74.674	66.032	56.088	46.644	40.062	37.367	36.456	38.382	40.455	42.026	43.371	44.485	46.649	49.077	48.764	43.933	41.625	34.651	32.038	31.566	25.584	21.597	14.192	1.515	-4.703	-1.294	-2.972	-5.638	-0.769	-4.192	-10.872	-18.218	-31.979	-33.605	-32.609	-31.566	-28.847	-27.72	-26.818	-26.206	-27.013	-29.017	-27.468	-25.91	-5.658	-34.586	6.791	0	0	0	0	0	0	0	0	0	0	0	0	0	0	0
0	0	0	0	0	0	0	0	0	58.384	45.499	28.045	10.399	20.508	35.056	22.566	23.147	29.689	30.483	32.714	33.985	41.352	44.186	46.265	46.871	47.088	47.955	50	50.515	52.903	55.269	55.569	60.241	62.422	68.561	73.908	80.604	87.38	92.967	96.807	98.756	99.458	99.653	99.693	99.912	100	99.872	99.315	98.187	96.376	94.051	91.146	87.831	84.274	81.063	78.783	77.703	78.843	82.004	86.602	91.303	94.934	97.006	97.807	98.032	98.209	98.123	97.446	96.087	93.794	91.574	89.722	88.25	87.543	86.997	86.786	85.013	80.48	72.888	63.984	53.86	44.303	37.724	35.142	34.567	36.903	39.483	41.599	43.483	45.193	47.98	51.067	51.233	46.505	44.008	36.902	34.124	33.466	27.382	23.221	15.687	3.062	-3.162	0.06	-1.514	-4.031	0.667	-2.827	-9.781	-18.038	-31.735	-33.916	-33.229	-32.296	-29.795	-28.715	-27.838	-27.205	-27.795	-29.27	-27.191	-24.751	-4.785	-34.265	8.287	0	0	0	0	0	0	0	0	0	0	0	0	0	0	0
0	0	0	0	0	0	0	0	0	59.952	48.043	30.768	13.577	23.317	37.2	25.206	25.765	32.081	32.898	35.095	36.366	43.466	46.225	48.275	48.942	49.256	50.204	52.286	52.915	55.338	57.74	58.162	62.768	64.982	70.961	76.148	82.549	88.913	94.017	97.352	98.855	99.249	99.27	99.235	99.585	99.872	100	99.769	98.972	97.468	95.376	92.633	89.398	85.857	82.595	80.208	79.007	79.977	82.959	87.389	91.93	95.405	97.322	97.976	98.049	97.998	97.695	96.748	95.235	92.706	90.375	88.428	86.824	86.018	85.334	85.011	83.035	78.214	70.299	61.204	50.999	41.393	34.848	32.363	32.163	34.892	37.995	40.708	43.219	45.668	49.256	53.236	54.117	49.646	46.967	39.799	36.865	36.003	29.888	25.583	17.988	5.554	-0.636	2.291	0.818	-1.51	2.935	-0.529	-7.581	-16.611	-30.13	-32.997	-32.752	-32.005	-29.837	-28.847	-28.029	-27.403	-27.747	-28.603	-26.003	-22.637	-3.564	-33.715	10.071	0	0	0	0	0	0	0	0	0	0	0	0	0	0	0
0	0	0	0	0	0	0	0	0	63.007	52.333	35.523	18.926	28.226	41.252	29.918	30.449	36.457	37.275	39.385	40.607	47.284	49.887	51.851	52.568	52.988	54.019	56.119	56.869	59.291	61.689	62.228	66.671	68.867	74.544	79.428	85.333	91.044	95.397	97.97	98.807	98.741	98.483	98.288	98.791	99.315	99.769	100	99.708	98.718	97.062	94.677	91.696	88.316	85.113	82.683	81.369	82.104	84.773	88.839	92.989	96.062	97.593	97.907	97.679	97.256	96.657	95.369	93.718	90.894	88.43	86.32	84.457	83.45	82.541	82.101	79.93	74.818	66.563	57.339	47.167	37.56	31.075	28.665	28.943	32.082	35.778	39.214	42.524	45.985	50.715	56.04	58.105	54.216	51.436	44.345	41.313	40.275	34.245	29.856	22.275	10.14	4.001	6.523	5.116	2.979	7.089	3.775	-3.16	-12.865	-26.287	-30.18	-30.66	-30.245	-28.601	-27.767	-27.058	-26.479	-26.531	-26.618	-23.507	-19.123	-1.924	-33.017	12.326	0	0	0	0	0	0	0	0	0	0	0	0	0	0	0
0	0	0	0	0	0	0	0	0	66.616	57.229	41.244	25.375	34.184	46.226	35.679	36.182	41.833	42.642	44.634	45.775	51.926	54.313	56.146	56.892	57.41	58.508	60.594	61.453	63.831	66.18	66.825	71.025	73.17	78.443	82.942	88.239	93.167	96.643	98.337	98.413	97.816	97.224	96.813	97.443	98.187	98.972	99.708	100	99.639	98.559	96.688	94.12	91.054	88.042	85.662	84.281	84.749	87.003	90.542	94.104	96.572	97.532	97.359	96.718	95.834	94.896	93.247	91.483	88.364	85.764	83.457	81.266	79.998	78.824	78.284	75.972	70.651	62.148	52.934	42.953	33.441	27.054	24.675	25.411	28.846	33.034	37.128	41.218	45.735	51.697	58.541	62.044	58.999	56.257	49.422	46.392	45.254	39.448	35.087	27.652	15.946	9.915	12.02	10.641	8.661	12.396	9.324	2.711	-7.413	-20.807	-25.867	-27.222	-27.231	-26.219	-25.589	-25.037	-24.562	-24.364	-23.72	-20.279	-15.027	-0.504	-32.359	14.24	0	0	0	0	0	0	0	0	0	0	0	0	0	0	0
0	0	0	0	0	0	0	0	0	70.694	62.474	47.716	32.654	40.948	51.939	42.257	42.747	48.039	48.862	50.746	51.811	57.405	59.551	61.222	61.97	62.556	63.684	65.707	66.632	68.908	71.145	71.847	75.718	77.741	82.505	86.514	91.08	95.097	97.574	98.289	97.526	96.35	95.383	94.704	95.441	96.376	97.468	98.718	99.639	100	99.625	98.432	96.457	93.873	91.193	88.954	87.524	87.678	89.408	92.271	95.083	96.79	97.045	96.275	95.135	93.711	92.386	90.341	88.467	85.029	82.275	79.732	77.158	75.594	74.155	73.562	71.184	65.738	57.069	47.972	38.303	28.952	22.683	20.283	21.425	25.025	29.583	34.246	39.063	44.639	51.892	60.417	65.657	63.814	61.352	55.005	52.121	50.992	45.545	41.331	34.167	22.989	17.134	18.905	17.543	15.669	19.044	16.249	10.058	-0.399	-14.032	-20.487	-22.903	-23.436	-23.158	-22.781	-22.431	-22.115	-21.715	-20.39	-16.788	-10.777	0.366	-31.758	15.586	0	0	0	0	0	0	0	0	0	0	0	0	0	0	0
0	0	0	0	0	0	0	0	0	74.274	66.957	53.869	39.714	47.465	57.37	48.616	49.119	54.074	54.958	56.781	57.809	62.871	64.787	66.289	67.017	67.636	68.75	70.658	71.602	73.724	75.8	76.528	80.017	81.898	86.107	89.612	93.435	96.544	98.052	97.822	96.259	94.521	93.177	92.221	92.997	94.051	95.376	97.062	98.559	99.625	100	99.579	98.325	96.373	94.149	92.134	90.691	90.497	91.622	93.707	95.669	96.536	96.031	94.626	92.957	90.98	89.252	86.81	84.802	81.051	78.126	75.331	72.379	70.532	68.867	68.267	65.905	60.45	51.749	42.882	33.618	24.496	18.351	15.863	17.247	20.802	25.498	30.509	35.857	42.304	50.679	60.789	67.859	67.509	65.615	60.008	57.436	56.441	51.478	47.542	40.791	30.249	24.678	26.291	24.971	23.148	26.226	23.689	17.925	7.199	-6.938	-14.872	-18.411	-19.515	-19.993	-19.895	-19.78	-19.676	-19.174	-17.329	-13.79	-7.224	0.192	-31.239	15.8	0	0	0	0	0	0	0	0	0	0	0	0	0	0	0
0	0	0	0	0	0	0	0	0	77.417	70.7	59.59	46.361	53.572	62.411	54.583	55.119	59.78	60.771	62.585	63.62	68.212	69.925	71.262	71.949	72.563	73.618	75.363	76.268	78.184	80.047	80.744	83.805	85.491	89.107	92.072	95.136	97.339	97.904	96.772	94.457	92.195	90.492	89.257	90.033	91.146	92.633	94.677	96.688	98.432	99.579	100	99.574	98.371	96.71	94.991	93.555	92.993	93.46	94.701	95.754	95.743	94.46	92.412	90.209	87.682	85.55	82.719	80.571	76.52	73.414	70.36	67.044	64.933	63.087	62.526	60.253	54.88	46.247	37.679	28.863	19.996	13.955	11.311	12.782	16.122	20.771	25.953	31.668	38.822	48.166	59.76	68.734	70.139	69.084	64.441	62.33	61.589	57.205	53.653	47.424	37.583	32.384	34.014	32.764	30.943	33.794	31.475	26.096	15.09	0.17	-9.321	-14.034	-15.744	-16.989	-17.192	-17.341	-17.5	-16.99	-14.777	-11.49	-4.521	-1.044	-30.963	14.937	0	0	0	0	0	0	0	0	0	0	0	0	0	0	0
